{
 "cells": [
  {
   "cell_type": "code",
   "execution_count": 1,
   "metadata": {},
   "outputs": [],
   "source": [
    "import xlrd\n",
    "import pandas as pd\n",
    "import pprint"
   ]
  },
  {
   "cell_type": "code",
   "execution_count": 4,
   "metadata": {},
   "outputs": [],
   "source": [
    "book = xlrd.open_workbook('TANF/2-25-20tanf.xlsx')"
   ]
  },
  {
   "cell_type": "code",
   "execution_count": 5,
   "metadata": {},
   "outputs": [
    {
     "name": "stdout",
     "output_type": "stream",
     "text": [
      "Read Me\n",
      "2018 State Pie Graph\n",
      "2018 Category Spending\n",
      "Category Spending Over Time\n",
      "Sheet1\n",
      "Basic Assistance\n",
      "Work Activities\n",
      "Work Supports & Supportive Serv\n",
      "Child Care\n",
      "Administration & Systems\n",
      "Pre-K\n",
      "Tax Credits\n",
      "Child Welfare\n",
      "Other\n",
      "SFAG & MOE\n"
     ]
    }
   ],
   "source": [
    "for sheet in book.sheets():\n",
    "    print (sheet.name)"
   ]
  },
  {
   "cell_type": "code",
   "execution_count": 6,
   "metadata": {},
   "outputs": [],
   "source": [
    "sheet = book.sheet_by_name('2018 Category Spending')"
   ]
  },
  {
   "cell_type": "code",
   "execution_count": 8,
   "metadata": {},
   "outputs": [
    {
     "name": "stdout",
     "output_type": "stream",
     "text": [
      "0 ['', '', '', '', '', '', '', '', '', '', '', '', '']\n",
      "1 ['', '', '', '', '', '', '', '', '', '', '', '', '']\n",
      "2 ['Table 1. Total Federal and State TANF Spending', 'Basic Assistance', 'Work Activities', 'Work Supports and Supportive Services', 'Child Care', 'Administration & Systems', 'Tax Credit', 'Pre-K', 'Child Welfare', 'Other', '', 'Total Funds Spent & Transferred', '']\n",
      "3 ['Alabama', 20321862.0, 6318153.0, 3855237.0, 5868720.0, 32758320.0, 0.0, 22273431.0, 40456037.0, 51609280.0, '', 183461040.0, '']\n",
      "4 ['Alaska', 42073843.0, 8774882.0, 294110.0, 18167415.0, 8356073.0, 0.0, 0.0, 0.0, 15119554.0, '', 92785877.0, '']\n",
      "5 ['Arizona', 41697276.0, 377322.0, 12819100.0, 2546800.0, 20111919.0, 0.0, 0.0, 227246240.0, 29423238.0, '', 334221895.0, '']\n",
      "6 ['Arkansas', 4098634.0, 14673570.0, 1206015.0, 15514589.0, 13249263.0, 0.0, 108351270.0, 330060.0, 7751161.0, '', 165174562.0, '']\n",
      "7 ['California', 2329995229.0, 1778602465.0, 328934454.0, 742572321.0, 765718136.0, 0.0, 0.0, 3175.0, 648020200.0, '', 6593845980.0, '']\n",
      "8 ['Colorado', 55969019.0, 10675270.0, 12330893.0, 17933109.0, 60937229.0, 78132807.0, 62009671.0, 46305075.0, 36860924.0, '', 381153997.0, '']\n",
      "9 ['Connecticut', 50235960.0, 11731629.0, 20431012.0, 39991720.0, 93572955.0, 56443535.0, 76203424.0, 62229764.0, 87521641.0, '', 498361640.0, '']\n",
      "10 ['Delaware', 13868102.0, 3790622.0, 0.0, 76442106.0, 19793988.0, 0.0, 0.0, 0.0, 2648501.0, '', 116543319.0, '']\n",
      "11 ['Dist. of Col.', 114481531.0, 29872825.0, 1368718.0, 59117060.0, 11123308.0, 0.0, 0.0, 0.0, 73695238.0, '', 289658680.0, '']\n",
      "12 ['Florida', 160442905.0, 43769764.0, 24071785.0, 316879226.0, 70037612.0, 0.0, 0.0, 269205488.0, 57154876.0, '', 941561656.0, '']\n",
      "13 ['Georgia', 95549628.0, 10626204.0, 15596556.0, 22182651.0, 24883496.0, 0.0, 0.0, 247792143.0, 73515501.0, '', 490146179.0, '']\n",
      "14 ['Hawaii', 28602509.0, 41180189.0, 24545068.0, 11041717.0, 23529109.0, 0.0, 180583.0, 535904.0, 69092993.0, '', 198708072.0, '']\n",
      "15 ['Idaho', 8218660.0, 2758810.0, 136272.0, 13636791.0, 7759265.0, 0.0, 1509203.0, 1507006.0, 14020674.0, '', 49546681.0, '']\n",
      "16 ['Illinois', 31882616.0, 19252090.0, 10328074.0, 593251266.0, 71255097.0, 66150494.0, 106475907.0, 242282735.0, 2720600.0, '', 1143598879.0, '']\n",
      "17 ['Indiana', 14744438.0, 83762279.0, 1102831.0, 118452231.0, 24101671.0, 27529635.0, 0.0, 9336994.0, 135842610.0, '', 414872689.0, '']\n",
      "18 ['Iowa', 33549353.0, 10484615.0, 1302454.0, 58002676.0, 11711582.0, 25939342.0, 0.0, 55569447.0, 14946277.0, '', 211505746.0, '']\n",
      "19 ['Kansas', 13025973.0, 1020628.0, 4623833.0, 6673023.0, 15916244.0, 49901778.0, 15197598.0, 24611311.0, 34510025.0, '', 165480413.0, '']\n",
      "20 ['Kentucky', 172117902.0, 29025759.0, 8517244.0, 36051229.0, 11201002.0, 0.0, 0.0, 0.0, 4636349.0, '', 261549485.0, '']\n",
      "21 ['Louisiana', 19673217.0, 33016491.0, 9893170.0, 11121773.0, 19679540.0, 13627017.0, 45489640.0, 37556075.0, 35458655.0, '', 225515578.0, '']\n",
      "22 ['Maine', 30392822.0, 12456785.0, 6181701.0, 16412498.0, 9069229.0, 7592075.0, 718507.0, 8425180.0, 25789241.0, '', 117038038.0, '']\n",
      "23 ['Maryland', 111808946.0, 28246891.0, 6149883.0, 7336000.0, 42408671.0, 152657685.0, 58188198.0, 26017335.0, 67533060.0, '', 500346669.0, '']\n",
      "24 ['Massachusetts', 197095710.0, 168495532.0, 13298374.0, 338727691.0, 37800226.0, 173120286.0, 0.0, 5412212.0, 161368917.0, '', 1095318948.0, '']\n",
      "25 ['Michigan', 168726265.0, 4867851.0, 100174910.0, 27829091.0, 302039190.0, 47087390.0, 187156948.0, 98198282.0, 467476086.0, '', 1403556013.0, '']\n",
      "26 ['Minnesota', 85568844.0, 61433652.0, 2523819.0, 156197793.0, 54632375.0, 152778994.0, 5700000.0, 0.0, 44334133.0, '', 563169610.0, '']\n",
      "27 ['Mississippi', 7283266.0, 28282094.0, 11790686.0, 1715430.0, 16345455.0, 0.0, 0.0, 20757677.0, 48622285.0, '', 134796893.0, '']\n",
      "28 ['Missouri', 35600387.0, 77253265.0, 10378176.0, 48657908.0, 7821500.0, 0.0, 0.0, 131817363.0, 103937018.0, '', 415465617.0, '']\n",
      "29 ['Montana', 25091374.0, 3931111.0, 1009841.0, 9409773.0, 11415690.0, 0.0, 0.0, 2459902.0, 6102267.0, '', 59419958.0, '']\n",
      "30 ['Nebraska', 26056953.0, 11926065.0, 0.0, 22243583.0, 5031869.0, 33834354.0, 0.0, 4174112.0, 886923.0, '', 104153859.0, '']\n",
      "31 ['Nevada', 38178148.0, 1489068.0, 4505698.0, 16589878.0, 23767791.0, 0.0, 0.0, 15603871.0, 3000320.0, '', 103134774.0, '']\n",
      "32 ['New Hampshire', 30650858.0, 7688712.0, 2727362.0, 4581872.0, 11234199.0, 0.0, 0.0, 5308679.0, 22134920.0, '', 84326602.0, '']\n",
      "33 ['New Jersey', 81594390.0, 80723672.0, 19439413.0, 166219290.0, 51531794.0, 348960631.0, 549240378.0, 0.0, 67133823.0, '', 1364843391.0, '']\n",
      "34 ['New Mexico', 55419066.0, 18901555.0, 4761828.0, 31277500.0, 4952683.0, 71929002.0, 41167881.0, 869838.0, 17387144.0, '', 246666497.0, '']\n",
      "35 ['New York', 1489959121.0, 131513153.0, 31820523.0, 577447312.0, 459788262.0, 1403064970.0, 498969635.0, 247188145.0, 548501122.0, '', 5388252243.0, '']\n",
      "36 ['North Carolina', 36847046.0, 5436777.0, 2730776.0, 216873678.0, 68194308.0, 0.0, 120828052.0, 124291909.0, 22018371.0, '', 597220917.0, '']\n",
      "37 ['North Dakota', 3933844.0, 3892865.0, 871331.0, 1073979.0, 4352138.0, 0.0, 0.0, 28739408.0, 263657.0, '', 43127222.0, '']\n",
      "38 ['Ohio', 236818580.0, 90063566.0, 62055223.0, 405937823.0, 133603101.0, 0.0, 0.0, 11915659.0, 191898440.0, '', 1132292392.0, '']\n",
      "39 ['Oklahoma', 29493052.0, 9353853.0, 2964799.0, 39188464.0, 15002519.0, 0.0, 12079314.0, 14303948.0, 24315690.0, '', 146701639.0, '']\n",
      "40 ['Oregon', 83385085.0, 16521066.0, 12419852.0, 11175091.0, 94280192.0, 3380632.0, 8629903.0, 14587516.0, 32055543.0, '', 276434880.0, '']\n",
      "41 ['Pennsylvania', 167238924.0, 102954900.0, 5971710.0, 478148178.0, 73820182.0, 0.0, 176996710.0, 0.0, 149676955.0, '', 1154807559.0, '']\n",
      "42 ['Rhode Island', 25472033.0, 9874195.0, 1921152.0, 40366166.0, 9810571.0, 22704603.0, 0.0, 23307528.0, 34197874.0, '', 167654122.0, '']\n",
      "43 ['South Carolina', 52919369.0, 33401475.0, 4260901.0, 4085269.0, 32298793.0, 0.0, 26381757.0, 5050109.0, 6363825.0, '', 164761498.0, '']\n",
      "44 ['South Dakota', 15093654.0, 3516756.0, 207466.0, 802914.0, 2015507.0, 0.0, 0.0, 4862599.0, 6139920.0, '', 32638816.0, '']\n",
      "45 ['Tennessee', 18416847.0, 7592026.0, 186602.0, 0.0, 26241166.0, 0.0, 85989536.0, 0.0, 0.0, '', 138426177.0, '']\n",
      "46 ['Texas', 53169997.0, 84856431.0, 3185623.0, 0.0, 77212639.0, 0.0, 340550245.0, 240425085.0, 63028108.0, '', 862428128.0, '']\n",
      "47 ['Utah', 18920011.0, 22688834.0, 7490056.0, 23451678.0, 14302344.0, 0.0, 7767330.0, 3750494.0, 20490713.0, '', 118861460.0, '']\n",
      "48 ['Vermont', 14147720.0, 1988690.0, 1994131.0, 29849334.0, 12669126.0, 18311655.0, 0.0, 5769739.0, 8611904.0, '', 93342299.0, '']\n",
      "49 ['Virginia', 67732679.0, 39856041.0, 10754862.0, 37011151.0, 40268417.0, 0.0, 4382910.0, 8159635.0, 70783990.0, '', 278949685.0, '']\n",
      "50 ['Washington', 135806978.0, 101516667.0, 3296369.0, 227095169.0, 122470160.0, 0.0, 39450497.0, 0.0, 429109772.0, '', 1058745612.0, '']\n",
      "51 ['West Virginia', 26205913.0, 473496.0, 14335689.0, 16242413.0, 14328953.0, 0.0, 0.0, 31756796.0, 23730457.0, '', 127073717.0, '']\n",
      "52 ['Wisconsin', 82281803.0, 26142280.0, 20274035.0, 203162650.0, 27898790.0, 69700000.0, 0.0, 5364296.0, 146267058.0, '', 581090912.0, '']\n",
      "53 ['Wyoming', 9075196.0, 3033144.0, 977195.0, 1553707.0, 4629746.0, 0.0, 939028.0, 0.0, 3420175.0, '', 23628191.0, '']\n",
      "54 ['US Total', 6710933538.0, 3340086035.0, 852016812.0, 5326109706.0, 3116933395.0, 2822846885.0, 2602827556.0, 2353484771.0, 4211128008.0, '', 31336366706.0, '']\n",
      "55 ['', '', '', '', '', '', '', '', '', '', '', '', '']\n",
      "56 ['', '', '', '', '', '', '', '', '', '', '', '', '']\n",
      "57 ['Table 2. Federal Spending', 'Basic Assistance', 'Work Activities', 'Work Supports and Supportive Services', 'Child Care', 'Administration & Systems', 'Tax Credit', 'Pre-K', 'Child Welfare', 'Other', '', 'Total Funds Spent & Transferred', '']\n",
      "58 ['Alabama', 20321862.0, 6277205.0, 1360585.0, 90024.0, 24144005.0, 0.0, 0.0, 11065821.0, 27872773.0, '', 91132275.0, '']\n",
      "59 ['Alaska', 17091522.0, 8741534.0, 294110.0, 15506389.0, 7165876.0, 0.0, 0.0, 0.0, 7427921.0, '', 56227352.0, '']\n",
      "60 ['Arizona', 41697276.0, 377322.0, 12819100.0, 2546800.0, 15503221.0, 0.0, 0.0, 99557909.0, 29423238.0, '', 201924866.0, '']\n",
      "61 ['Arkansas', 4098634.0, 14615698.0, 949214.0, 15514589.0, 10794689.0, 0.0, 0.0, 330060.0, 7417369.0, '', 53720253.0, '']\n",
      "62 ['California', 480116893.0, 1723510960.0, 213158806.0, 201585505.0, 437910845.0, 0.0, 0.0, 0.0, 628878601.0, '', 3685161610.0, '']\n",
      "63 ['Colorado', 48100901.0, 10111361.0, 11040871.0, 6715388.0, 53219553.0, 0.0, 84324.0, 783778.0, 12523244.0, '', 142579420.0, '']\n",
      "64 ['Connecticut', 0.0, 0.0, 19103907.0, 26678810.0, 71242809.0, 0.0, 0.0, 62229764.0, 87421641.0, '', 266676931.0, '']\n",
      "65 ['Delaware', 910494.0, 2831622.0, 0.0, 20194625.0, 4408904.0, 0.0, 0.0, 0.0, 1846293.0, '', 30191938.0, '']\n",
      "66 ['Dist. of Col.', 22292955.0, 10452775.0, 273109.0, 36947695.0, 11123308.0, 0.0, 0.0, 0.0, 6136378.0, '', 87226220.0, '']\n",
      "67 ['Florida', 36560664.0, 43769764.0, 24071785.0, 204690323.0, 44383729.0, 0.0, 0.0, 151060681.0, 57154876.0, '', 561691822.0, '']\n",
      "68 ['Georgia', 67651096.0, 10626204.0, 15596556.0, 0.0, 17801609.0, 0.0, 0.0, 171999891.0, 33102296.0, '', 316777652.0, '']\n",
      "69 ['Hawaii', 17563586.0, 618174.0, 1785243.0, 1529137.0, 11971328.0, 0.0, 0.0, 469493.0, 15738874.0, '', 49675835.0, '']\n",
      "70 ['Idaho', 1923752.0, 1339038.0, 64434.0, 12460971.0, 5693678.0, 0.0, 1059203.0, 0.0, 13980226.0, '', 36521302.0, '']\n",
      "71 ['Illinois', 26918725.0, 19050392.0, 742666.0, 155327304.0, 70108925.0, 66150494.0, 0.0, 242282735.0, 2545031.0, '', 583126272.0, '']\n",
      "72 ['Indiana', 14716227.0, 83762279.0, 1102831.0, 103095284.0, 24101671.0, 0.0, 0.0, 9336994.0, 61250393.0, '', 297365679.0, '']\n",
      "73 ['Iowa', 1625682.0, 3723178.0, 308113.0, 51070644.0, 6944879.0, 0.0, 0.0, 55569447.0, 14946277.0, '', 134188220.0, '']\n",
      "74 ['Kansas', 13025973.0, 1020628.0, 4623833.0, 0.0, 15916244.0, 0.0, 0.0, 24611311.0, 34510025.0, '', 93708014.0, '']\n",
      "75 ['Kentucky', 141309259.0, 18496816.0, 6043839.0, 6570655.0, 10983214.0, 0.0, 0.0, 0.0, 0.0, '', 183403783.0, '']\n",
      "76 ['Louisiana', 19673217.0, 2395326.0, 9893170.0, 0.0, 19679540.0, 0.0, 40180504.0, 37556075.0, 32501615.0, '', 161879447.0, '']\n",
      "77 ['Maine', 8759257.0, 11780240.0, 5581084.0, 14638337.0, 7441395.0, 7187021.0, 718507.0, 6251547.0, 17156706.0, '', 79514094.0, '']\n",
      "78 ['Maryland', 100713507.0, 27953058.0, 6149883.0, 6864425.0, 40349392.0, 0.0, 0.0, 26004543.0, 37152902.0, '', 245187710.0, '']\n",
      "79 ['Massachusetts', 12840829.0, 156435753.0, 0.0, 293754323.0, 0.0, 0.0, 0.0, 0.0, 45785519.0, '', 508816424.0, '']\n",
      "80 ['Michigan', 137198148.0, 4662607.0, 91462982.0, 8300000.0, 301085562.0, 0.0, 0.0, 85339690.0, 205440236.0, '', 833489225.0, '']\n",
      "81 ['Minnesota', 61204300.0, 54552975.0, 2523819.0, 38451000.0, 34621105.0, 25507889.0, 0.0, 0.0, 44187429.0, '', 261048517.0, '']\n",
      "82 ['Mississippi', 6147736.0, 9788931.0, 11518948.0, 0.0, 16237008.0, 0.0, 0.0, 20757677.0, 48622285.0, '', 113072585.0, '']\n",
      "83 ['Missouri', 1079016.0, 55483218.0, 546555.0, 28062837.0, 0.0, 0.0, 0.0, 131817363.0, 18107892.0, '', 235096881.0, '']\n",
      "84 ['Montana', 24143212.0, 411558.0, 0.0, 8095783.0, 4639452.0, 0.0, 0.0, 2459902.0, 5674161.0, '', 45424068.0, '']\n",
      "85 ['Nebraska', 19113089.0, 9232183.0, 0.0, 15744585.0, 5031869.0, 0.0, 0.0, 4174112.0, 428383.0, '', 53724221.0, '']\n",
      "86 ['Nevada', 14027691.0, 9600.0, 1519579.0, 1125055.0, 21786625.0, 0.0, 0.0, 1000000.0, 99101.0, '', 39567651.0, '']\n",
      "87 ['New Hampshire', 15786898.0, 4764821.0, 2409464.0, 0.0, 3180858.0, 0.0, 0.0, 5308679.0, 9162277.0, '', 40612997.0, '']\n",
      "88 ['New Jersey', 78630113.0, 45465616.0, 11489644.0, 97268176.0, 33396413.0, 123500000.0, 0.0, 0.0, 50033272.0, '', 439783234.0, '']\n",
      "89 ['New Mexico', 46002831.0, 18307768.0, 674848.0, 31277500.0, 4952683.0, 0.0, 17600000.0, 869838.0, 5000000.0, '', 124685468.0, '']\n",
      "90 ['New York', 1029042930.0, 127622444.0, 26566782.0, 475462144.0, 307927971.0, 0.0, 0.0, 216649478.0, 486167978.0, '', 2669439727.0, '']\n",
      "91 ['North Carolina', 36847046.0, 1960627.0, 377653.0, 171235147.0, 23053317.0, 0.0, 0.0, 74292829.0, 16673658.0, '', 324440277.0, '']\n",
      "92 ['North Dakota', 1786838.0, 492152.0, 343279.0, 0.0, 4352138.0, 0.0, 0.0, 26819872.0, 263657.0, '', 34057936.0, '']\n",
      "93 ['Ohio', 103005212.0, 89898373.0, 62055223.0, 229608010.0, 88579013.0, 0.0, 0.0, 11921884.0, 90261764.0, '', 675329479.0, '']\n",
      "94 ['Oklahoma', 15885294.0, 2634269.0, 1458664.0, 32283371.0, 2871712.0, 0.0, 0.0, 8497119.0, 22951496.0, '', 86581925.0, '']\n",
      "95 ['Oregon', 58859381.0, 13244236.0, 11141351.0, 4650904.0, 79560233.0, 0.0, 0.0, 14587516.0, 2757008.0, '', 184800629.0, '']\n",
      "96 ['Pennsylvania', 148355534.0, 93848180.0, 5611736.0, 261511938.0, 51380442.0, 0.0, 0.0, 0.0, 138616805.0, '', 699324635.0, '']\n",
      "97 ['Rhode Island', 22407579.0, 8610581.0, 1921152.0, 33825120.0, 8869232.0, 0.0, 0.0, 4072054.0, 9343063.0, '', 89048781.0, '']\n",
      "98 ['South Carolina', 51902981.0, 13401475.0, 4260901.0, 0.0, 29748772.0, 0.0, 0.0, 5050105.0, 6363821.0, '', 110728055.0, '']\n",
      "99 ['South Dakota', 9267853.0, 2379537.0, 169510.0, 0.0, 1279397.0, 0.0, 0.0, 4862599.0, 6139920.0, '', 24098816.0, '']\n",
      "100 ['Tennessee', 42935.0, 0.0, 0.0, 0.0, 20939649.0, 0.0, 0.0, 0.0, 0.0, '', 20982584.0, '']\n",
      "101 ['Texas', 4912686.0, 77265772.0, 2843061.0, 0.0, 76405629.0, 0.0, 0.0, 240425085.0, 62938986.0, '', 464791219.0, '']\n",
      "102 ['Utah', 12816155.0, 13605669.0, 6229836.0, 18976754.0, 10722270.0, 0.0, 7628748.0, 3725200.0, 20269122.0, '', 93973754.0, '']\n",
      "103 ['Vermont', 2475789.0, 0.0, 0.0, 10058025.0, 5671434.0, 18311655.0, 0.0, 5769739.0, 4910274.0, '', 47196916.0, '']\n",
      "104 ['Virginia', 27992510.0, 14703290.0, 4039944.0, 15682389.0, 18026355.0, 0.0, 0.0, 8159635.0, 58262373.0, '', 146866496.0, '']\n",
      "105 ['Washington', 122554177.0, 51452818.0, 3296369.0, 186552139.0, 59455405.0, 0.0, 0.0, 0.0, 14670663.0, '', 437981571.0, '']\n",
      "106 ['West Virginia', 1585750.0, 473496.0, 12647764.0, 13271021.0, 9161989.0, 0.0, 0.0, 31756796.0, 23730457.0, '', 92627273.0, '']\n",
      "107 ['Wisconsin', 1000.0, 5764411.0, 555145.0, 187145189.0, 12115818.0, 69700000.0, 0.0, 5364296.0, 23664369.0, '', 304310228.0, '']\n",
      "108 ['Wyoming', 4401020.0, 3025816.0, 977195.0, 0.0, 3180185.0, 0.0, 939028.0, 0.0, 1442205.0, '', 13965449.0, '']\n",
      "109 ['US Total', 3155388015.0, 2880951750.0, 601604543.0, 3044368315.0, 2149121350.0, 310357059.0, 68210314.0, 1812791517.0, 2550954853.0, '', 16573747716.0, '']\n",
      "110 ['', '', '', '', '', '', '', '', '', '', '', '', '']\n",
      "111 ['', '', '', '', '', '', '', '', '', '', '', '', '']\n",
      "112 ['Table 3. State/MOE Spending', 'Basic Assistance', 'Work Activities', 'Work Supports and Supportive Services', 'Child Care', 'Administration & Systems', 'Tax Credit', 'Pre-K', 'Child Welfare', 'Other', '', 'Total Funds Spent & Transferred', '']\n",
      "113 ['Alabama', 0.0, 40948.0, 2494652.0, 5778696.0, 8614315.0, 0.0, 22273431.0, 29390216.0, 23736507.0, '', 92328765.0, '']\n",
      "114 ['Alaska', 24982321.0, 33348.0, 0.0, 2661026.0, 1190197.0, 0.0, 0.0, 0.0, 7691633.0, '', 36558525.0, '']\n",
      "115 ['Arizona', 0.0, 0.0, 0.0, 0.0, 4608698.0, 0.0, 0.0, 127688331.0, 0.0, '', 132297029.0, '']\n",
      "116 ['Arkansas', 0.0, 57872.0, 256801.0, 0.0, 2454574.0, 0.0, 108351270.0, 0.0, 333792.0, '', 111454309.0, '']\n",
      "117 ['California', 1849878336.0, 55091505.0, 115775648.0, 540986816.0, 327807291.0, 0.0, 0.0, 3175.0, 19141599.0, '', 2908684370.0, '']\n",
      "118 ['Colorado', 7868118.0, 563909.0, 1290022.0, 11217721.0, 7717676.0, 78132807.0, 61925347.0, 45521297.0, 24337680.0, '', 238574577.0, '']\n",
      "119 ['Connecticut', 50235960.0, 11731629.0, 1327105.0, 13312910.0, 22330146.0, 56443535.0, 76203424.0, 0.0, 100000.0, '', 231684709.0, '']\n",
      "120 ['Delaware', 12957608.0, 959000.0, 0.0, 56247481.0, 15385084.0, 0.0, 0.0, 0.0, 802208.0, '', 86351381.0, '']\n",
      "121 ['Dist. of Col.', 92188576.0, 19420050.0, 1095609.0, 22169365.0, 0.0, 0.0, 0.0, 0.0, 67558860.0, '', 202432460.0, '']\n",
      "122 ['Florida', 123882241.0, 0.0, 0.0, 112188903.0, 25653883.0, 0.0, 0.0, 118144807.0, 0.0, '', 379869834.0, '']\n",
      "123 ['Georgia', 27898532.0, 0.0, 0.0, 22182651.0, 7081887.0, 0.0, 0.0, 75792252.0, 40413205.0, '', 173368527.0, '']\n",
      "124 ['Hawaii', 11038923.0, 40562015.0, 22759825.0, 9512580.0, 11557781.0, 0.0, 180583.0, 66411.0, 53354119.0, '', 149032237.0, '']\n",
      "125 ['Idaho', 6294908.0, 1419772.0, 71838.0, 1175820.0, 2065587.0, 0.0, 450000.0, 1507006.0, 40448.0, '', 13025379.0, '']\n",
      "126 ['Illinois', 4963891.0, 201698.0, 9585408.0, 437923962.0, 1146172.0, 0.0, 106475907.0, 0.0, 175569.0, '', 560472607.0, '']\n",
      "127 ['Indiana', 28211.0, 0.0, 0.0, 15356947.0, 0.0, 27529635.0, 0.0, 0.0, 74592217.0, '', 117507010.0, '']\n",
      "128 ['Iowa', 31923671.0, 6761437.0, 994341.0, 6932032.0, 4766703.0, 25939342.0, 0.0, 0.0, 0.0, '', 77317526.0, '']\n",
      "129 ['Kansas', 0.0, 0.0, 0.0, 6673023.0, 0.0, 49901778.0, 15197598.0, 0.0, 0.0, '', 71772399.0, '']\n",
      "130 ['Kentucky', 30808643.0, 10528943.0, 2473405.0, 29480574.0, 217788.0, 0.0, 0.0, 0.0, 4636349.0, '', 78145702.0, '']\n",
      "131 ['Louisiana', 0.0, 30621165.0, 0.0, 11121773.0, 0.0, 13627017.0, 5309136.0, 0.0, 2957040.0, '', 63636131.0, '']\n",
      "132 ['Maine', 21633565.0, 676545.0, 600617.0, 1774161.0, 1627834.0, 405054.0, 0.0, 2173633.0, 8632535.0, '', 37523944.0, '']\n",
      "133 ['Maryland', 11095439.0, 293833.0, 0.0, 471575.0, 2059279.0, 152657685.0, 58188198.0, 12792.0, 30380158.0, '', 255158959.0, '']\n",
      "134 ['Massachusetts', 184254881.0, 12059779.0, 13298374.0, 44973368.0, 37800226.0, 173120286.0, 0.0, 5412212.0, 115583398.0, '', 586502524.0, '']\n",
      "135 ['Michigan', 31528117.0, 205244.0, 8711928.0, 19529091.0, 953628.0, 47087390.0, 187156948.0, 12858592.0, 262035850.0, '', 570066788.0, '']\n",
      "136 ['Minnesota', 24364544.0, 6880677.0, 0.0, 117746793.0, 20011270.0, 127271105.0, 5700000.0, 0.0, 146704.0, '', 302121093.0, '']\n",
      "137 ['Mississippi', 1135530.0, 18493163.0, 271738.0, 1715430.0, 108447.0, 0.0, 0.0, 0.0, 0.0, '', 21724308.0, '']\n",
      "138 ['Missouri', 34521371.0, 21770047.0, 9831621.0, 20595071.0, 7821500.0, 0.0, 0.0, 0.0, 85829126.0, '', 180368736.0, '']\n",
      "139 ['Montana', 948162.0, 3519553.0, 1009841.0, 1313990.0, 6776238.0, 0.0, 0.0, 0.0, 428106.0, '', 13995890.0, '']\n",
      "140 ['Nebraska', 6943864.0, 2693882.0, 0.0, 6498998.0, 0.0, 33834354.0, 0.0, 0.0, 458540.0, '', 50429638.0, '']\n",
      "141 ['Nevada', 24150457.0, 1479468.0, 2986119.0, 15464823.0, 1981166.0, 0.0, 0.0, 14603871.0, 2901219.0, '', 63567123.0, '']\n",
      "142 ['New Hampshire', 14863960.0, 2923891.0, 317898.0, 4581872.0, 8053341.0, 0.0, 0.0, 0.0, 12972643.0, '', 43713605.0, '']\n",
      "143 ['New Jersey', 2964277.0, 35258056.0, 7949769.0, 68951114.0, 18135381.0, 225460631.0, 549240378.0, 0.0, 17100551.0, '', 925060157.0, '']\n",
      "144 ['New Mexico', 9416235.0, 593787.0, 4086980.0, 0.0, 0.0, 71929002.0, 23567881.0, 0.0, 12387144.0, '', 121981029.0, '']\n",
      "145 ['New York', 460916191.0, 3890709.0, 5253741.0, 101985168.0, 151860291.0, 1403064970.0, 498969635.0, 30538667.0, 62333144.0, '', 2718812516.0, '']\n",
      "146 ['North Carolina', 0.0, 3476150.0, 2353123.0, 45638531.0, 45140991.0, 0.0, 120828052.0, 49999080.0, 5344713.0, '', 272780640.0, '']\n",
      "147 ['North Dakota', 2147006.0, 3400713.0, 528052.0, 1073979.0, 0.0, 0.0, 0.0, 1919536.0, 0.0, '', 9069286.0, '']\n",
      "148 ['Ohio', 133813368.0, 165193.0, 0.0, 176329813.0, 45024088.0, 0.0, 0.0, -6225.0, 101636676.0, '', 456962913.0, '']\n",
      "149 ['Oklahoma', 13607758.0, 6719584.0, 1506135.0, 6905093.0, 12130807.0, 0.0, 12079314.0, 5806829.0, 1364194.0, '', 60119714.0, '']\n",
      "150 ['Oregon', 24525704.0, 3276830.0, 1278501.0, 6524187.0, 14719959.0, 3380632.0, 8629903.0, 0.0, 29298535.0, '', 91634251.0, '']\n",
      "151 ['Pennsylvania', 18883390.0, 9106720.0, 359974.0, 216636240.0, 22439740.0, 0.0, 176996710.0, 0.0, 11060150.0, '', 455482924.0, '']\n",
      "152 ['Rhode Island', 3064454.0, 1263614.0, 0.0, 6541046.0, 941339.0, 22704603.0, 0.0, 19235474.0, 24854811.0, '', 78605341.0, '']\n",
      "153 ['South Carolina', 1016388.0, 20000000.0, 0.0, 4085269.0, 2550021.0, 0.0, 26381757.0, 4.0, 4.0, '', 54033443.0, '']\n",
      "154 ['South Dakota', 5825801.0, 1137219.0, 37956.0, 802914.0, 736110.0, 0.0, 0.0, 0.0, 0.0, '', 8540000.0, '']\n",
      "155 ['Tennessee', 18373912.0, 7592026.0, 186602.0, 0.0, 5301517.0, 0.0, 85989536.0, 0.0, 0.0, '', 117443593.0, '']\n",
      "156 ['Texas', 48257311.0, 7590659.0, 342562.0, 0.0, 807010.0, 0.0, 340550245.0, 0.0, 89122.0, '', 397636909.0, '']\n",
      "157 ['Utah', 6103856.0, 9083165.0, 1260220.0, 4474924.0, 3580074.0, 0.0, 138582.0, 25294.0, 221591.0, '', 24887706.0, '']\n",
      "158 ['Vermont', 11671931.0, 1988690.0, 1994131.0, 19791309.0, 6997692.0, 0.0, 0.0, 0.0, 3701630.0, '', 46145383.0, '']\n",
      "159 ['Virginia', 39740169.0, 25152751.0, 6714918.0, 21328762.0, 22242062.0, 0.0, 4382910.0, 0.0, 12521617.0, '', 132083189.0, '']\n",
      "160 ['Washington', 13252801.0, 50063849.0, 0.0, 40543030.0, 63014755.0, 0.0, 39450497.0, 0.0, 414439109.0, '', 620764041.0, '']\n",
      "161 ['West Virginia', 24620163.0, 0.0, 1687925.0, 2971392.0, 5166964.0, 0.0, 0.0, 0.0, 0.0, '', 34446444.0, '']\n",
      "162 ['Wisconsin', 82280803.0, 20377869.0, 19718890.0, 16017461.0, 15782972.0, 0.0, 0.0, 0.0, 122602689.0, '', 276780684.0, '']\n",
      "163 ['Wyoming', 4674176.0, 7328.0, 0.0, 1553707.0, 1449561.0, 0.0, 0.0, 0.0, 1977970.0, '', 9662742.0, '']\n",
      "164 ['US Total', 3555545523.0, 459134285.0, 250412269.0, 2281741391.0, 967812045.0, 2512489826.0, 2534617242.0, 540693254.0, 1660173155.0, '', 14762618990.0, '']\n",
      "165 ['', '', '', '', '', '', '', '', '', '', '', '', '']\n",
      "166 ['', 'Core Activities', '', '', '', '', '', '', '', '', '', '', '']\n",
      "167 ['Table 4. Percentage of Total Funds Used', 'Basic Assistance', 'Work Activities', 'Work Supports and Supportive Services', 'Child Care', 'Administration & Systems', 'Tax Credit', 'Pre-K', 'Child Welfare', 'Other', '', 'Total Share on Core Activities', '']\n",
      "168 ['Alabama', 0.1107693600777582, 0.034438663380519374, 0.021013927534696195, 0.03198891710196345, 0.1785573656401381, 0.0, 0.1214068719985453, 0.2205156855101225, 0.2813092087562569, '', 0.1982108680949372, 0.055452590915215566]\n",
      "169 ['Alaska', 0.4534509384440048, 0.09457131067479159, 0.0031697711926568306, 0.19579935640420792, 0.09005759572655653, 0.0, 0.0, 0.0, 0.16295102755778232, '', 0.7469913767156611, 0.09774108186744843]\n",
      "170 ['Arizona', 0.12475925911436772, 0.0011289565574391827, 0.038355057498551975, 0.007620087247725048, 0.06017534847619723, 0.0, 0.0, 0.6799262507921571, 0.08803504031356174, '', 0.17186336041808395, 0.03948401405599116]\n",
      "171 ['Arkansas', 0.024813954100268782, 0.08883674230660288, 0.007301457230442058, 0.09392844038539058, 0.08021370142940049, 0.0, 0.6559803682119042, 0.0019982495851873366, 0.046927086750803676, '', 0.2148805940227043, 0.09613819953704493]\n",
      "172 ['California', 0.3533590617777821, 0.26973673185493485, 0.04988506783411401, 0.11261596392337936, 0.11612617860995292, 0.0, 0.0, 4.815095787238877e-07, 0.09827651449025808, '', 0.7855968253902104, 0.31962179968904886]\n",
      "173 ['Colorado', 0.14684096045305278, 0.028007760863124308, 0.03235147236301972, 0.04704951054206051, 0.15987561321572602, 0.20499012896354332, 0.1626892843524346, 0.12148652608777444, 0.09670874315926431, '', 0.2542497042212573, 0.060359233226144025]\n",
      "174 ['Connecticut', 0.10080222065245632, 0.02354039327746012, 0.04099635758482535, 0.08024638493444239, 0.18776115071777996, 0.11325818536113655, 0.15290788432271793, 0.124868687726447, 0.17561873542273437, '', 0.2455853564491842, 0.06453675086228547]\n",
      "175 ['Delaware', 0.118995255317896, 0.03252543374022152, 0.0, 0.6559115241947073, 0.16984232275039293, 0.0, 0.0, 0.0, 0.022725463996782175, '', 0.8074322132528249, 0.03252543374022152]\n",
      "176 ['Dist. of Col.', 0.39522907098796417, 0.10313112315501817, 0.004725278731505646, 0.20409214044612783, 0.03840143164361586, 0.0, 0.0, 0.0, 0.2544209550357683, '', 0.7071776133206158, 0.10785640188652382]\n",
      "177 ['Florida', 0.17040084839648567, 0.04648634926994096, 0.025565808512491083, 0.33654644279609447, 0.07438452017846402, 0.0, 0.0, 0.28591381805378024, 0.06070221279274355, '', 0.5789994489750122, 0.07205215778243204]\n",
      "178 ['Georgia', 0.19494108511656888, 0.02167966303783019, 0.031820213373529124, 0.045257214990958854, 0.05076749970951013, 0.0, 0.0, 0.5055474338401401, 0.14998688993146267, '', 0.2936981765188871, 0.05349987641135931]\n",
      "179 ['Hawaii', 0.14394236083172304, 0.20723963845816992, 0.12352325576386247, 0.05556753124754791, 0.11841043377442664, 0.0, 0.0009087854266936876, 0.002696941269703427, 0.3477110532278729, '', 0.5302727863013034, 0.3307628942220324]\n",
      "180 ['Idaho', 0.16587710486601515, 0.05568102533447195, 0.0027503759535376345, 0.2752311703784962, 0.15660514172483117, 0.0, 0.030460223965355016, 0.03041588194373706, 0.28297907583355586, '', 0.49953967653252096, 0.05843140128800959]\n",
      "181 ['Illinois', 0.027879194869340197, 0.016834652738410037, 0.009031203326319456, 0.5187581737739706, 0.06230777094002381, 0.057844140296678274, 0.09310599105615248, 0.21185989200326943, 0.002378980995835691, '', 0.5725032247080403, 0.025865856064729492]\n",
      "182 ['Indiana', 0.03553966889346143, 0.2018987540536803, 0.00265823957382743, 0.28551465097766415, 0.05809413740416159, 0.06635682639500042, 0.0, 0.0225056848704736, 0.3274320378317311, '', 0.5256113134986333, 0.20455699362750773]\n",
      "183 ['Iowa', 0.15862147310172842, 0.049571301008531465, 0.00615800764107846, 0.2742368805431886, 0.05537240581634127, 0.12264131112541973, 0.0, 0.26273256424910557, 0.07066605651460646, '', 0.488587662294527, 0.05572930864960993]\n",
      "184 ['Kansas', 0.07871610158478394, 0.006167666502016767, 0.027941874909388823, 0.04032515316480386, 0.09618204179850579, 0.3015570066289356, 0.0918392559245063, 0.1487264296349079, 0.20854446985215103, '', 0.1531507961609934, 0.03410954141140559]\n",
      "185 ['Kentucky', 0.6580701239002631, 0.11097616575310787, 0.03256456039284497, 0.1378371247796569, 0.04282555555404745, 0.0, 0.0, 0.0, 0.017726469620079732, '', 0.9394479748258728, 0.14354072614595284]\n",
      "186 ['Louisiana', 0.08723662096637953, 0.14640448031488096, 0.04386912020774015, 0.049317094183178777, 0.08726465894076728, 0.06042605624344053, 0.2017139587580952, 0.1665342826117316, 0.157233727773786, '', 0.3268273156721794, 0.1902736005226211]\n",
      "187 ['Maine', 0.25968328348087993, 0.10643364510262894, 0.05281787960252717, 0.14023216964727314, 0.07748958505268176, 0.0648684404637747, 0.006139089583849654, 0.07198668179998027, 0.2203492252664044, '', 0.5591669778333092, 0.1592515247051561]\n",
      "188 ['Maryland', 0.22346295664056876, 0.05645463985291366, 0.012291244013458196, 0.01466183439306558, 0.08475857565866997, 0.3051038299207704, 0.11629576372776852, 0.05199861738262117, 0.13497253841016377, '', 0.3068706749000062, 0.06874588386637186]\n",
      "189 ['Massachusetts', 0.17994366879153084, 0.15383239038059623, 0.012141097371028042, 0.3092502796728757, 0.034510702174030135, 0.15805468016061383, 0.0, 0.004941220098385443, 0.14732596135093975, '', 0.6551674362160308, 0.16597348775162427]\n",
      "190 ['Michigan', 0.12021341751752375, 0.0034682270995336473, 0.07137222103867685, 0.01982755995645469, 0.21519567954713326, 0.03354863615264922, 0.13334483716112297, 0.06996392099101784, 0.3330655005358878, '', 0.21488142561218893, 0.0748404481382105]\n",
      "191 ['Minnesota', 0.1519415154521566, 0.10908552398628187, 0.004481454530190292, 0.2773547972519327, 0.09700874129198839, 0.27128415895879043, 0.01012128477600203, 0.0, 0.07872252375265774, '', 0.5428632912205614, 0.11356697851647216]\n",
      "192 ['Mississippi', 0.054031408572599665, 0.20981265495488832, 0.08747001312559927, 0.012726035161656137, 0.12125987948401748, 0.0, 0.0, 0.15399225114187165, 0.36070775755936746, '', 0.36404011181474344, 0.2972826680804876]\n",
      "193 ['Missouri', 0.08568792589159069, 0.18594382263887796, 0.024979626653437365, 0.11711656996155231, 0.01882586591997094, 0.0, 0.0, 0.31727622601318656, 0.25016996292138416, '', 0.4137279451454583, 0.21092344929231532]\n",
      "194 ['Montana', 0.42227182321468487, 0.06615809119218832, 0.016994980036842168, 0.1583604788142058, 0.1921187827160699, 0.0, 0.0, 0.041398581937738835, 0.10269726208827007, '', 0.6637853732579212, 0.08315307122903048]\n",
      "195 ['Nebraska', 0.2501775090253737, 0.11450430271623445, 0.0, 0.2135646553432072, 0.0483118825198786, 0.324849739844973, 0.0, 0.040076402737991686, 0.008515507812341356, '', 0.5782464670848154, 0.11450430271623445]\n",
      "196 ['Nevada', 0.370177259514817, 0.014438078857864177, 0.04368747635012028, 0.16085629857491132, 0.23045370710755617, 0.0, 0.0, 0.15129592468976566, 0.02909125490496542, '', 0.5891591132977128, 0.05812555520798446]\n",
      "197 ['New Hampshire', 0.36347792123771333, 0.09117777566799146, 0.03234284241644173, 0.054334834931449034, 0.13322247942588747, 0.0, 0.0, 0.06295378770272281, 0.2624903586177942, '', 0.5413333742535956, 0.12352061808443318]\n",
      "198 ['New Jersey', 0.05978296890181446, 0.059145007062572204, 0.014242962326803691, 0.12178634640140922, 0.037756561917513067, 0.2556781483510147, 0.40242007370353305, 0.0, 0.04918793133533956, '', 0.2549572846925996, 0.07338796938937589]\n",
      "199 ['New Mexico', 0.22467204372712196, 0.07662797838329864, 0.019304721386625926, 0.12680076289403827, 0.020078458405318012, 0.29160426273860773, 0.1668969296628881, 0.0035263726958428407, 0.07048847010625849, '', 0.4474055063910848, 0.09593269976992456]\n",
      "200 ['New York', 0.2765199277624093, 0.024407386118727403, 0.0059055370025296716, 0.10716783215748202, 0.08533161427201581, 0.26039333474462956, 0.0926032435931749, 0.04587538479126097, 0.10179573955777037, '', 0.41400068304114834, 0.030312923121257072]\n",
      "201 ['North Carolina', 0.06169751418803705, 0.009103460453646501, 0.004572472132619561, 0.36313811493645326, 0.11418606759883462, 0.0, 0.20231718039440336, 0.20811713967479809, 0.036868050621207564, '', 0.4385115617107564, 0.013675932586266062]\n",
      "202 ['North Dakota', 0.09121487120130298, 0.09026468247827324, 0.0202037358214262, 0.024902577773268122, 0.10091394247466252, 0.0, 0.0, 0.6663867197381738, 0.0061134705128932255, '', 0.22658586727427055, 0.11046841829969944]\n",
      "203 ['Ohio', 0.20914966988491432, 0.07954090889979237, 0.05480494564693675, 0.35850971521850516, 0.11799346347634913, 0.0, 0.0, 0.010523482348011749, 0.16947781452549052, '', 0.7020052396501486, 0.13434585454672912]\n",
      "204 ['Oklahoma', 0.20104105312688428, 0.06376106677308493, 0.020209719674638398, 0.2671303760962071, 0.1022655172925505, 0.0, 0.08233932546588658, 0.09750366865362697, 0.16574927291712127, '', 0.5521422156708147, 0.08397078644772334]\n",
      "205 ['Oregon', 0.30164458624034707, 0.0597647662986668, 0.044928671808709526, 0.040425763203254236, 0.3410575105428085, 0.012229397390083335, 0.03121857487738161, 0.052770171405287204, 0.11596055823346171, '', 0.4467637875509776, 0.10469343810737633]\n",
      "206 ['Pennsylvania', 0.14481973441949042, 0.08915329588693834, 0.005171173286370912, 0.4140500936918443, 0.06392422826182764, 0.0, 0.1532694418395299, 0.0, 0.1296120326139985, '', 0.653194297284644, 0.09432446917330925]\n",
      "207 ['Rhode Island', 0.15193204137265412, 0.05889622564722864, 0.011459020375293845, 0.2407704953415938, 0.058516730056896546, 0.13542525963065793, 0.0, 0.13902150285335663, 0.20397872472231848, '', 0.46305778273677045, 0.0703552460225225]\n",
      "208 ['South Carolina', 0.32118771462007467, 0.20272621580558828, 0.02586102367192607, 0.024795046473782365, 0.19603362067028549, 0.0, 0.1601208857666492, 0.03065102624886307, 0.038624466742830904, '', 0.5745700005713714, 0.22858723947751436]\n",
      "209 ['South Dakota', 0.46244489996205745, 0.10774765849349437, 0.006356419301484465, 0.024599973234323207, 0.061751841733474644, 0.0, 0.0, 0.14898208930127857, 0.18811711797388728, '', 0.6011489509913595, 0.11410407779497883]\n",
      "210 ['Tennessee', 0.13304453968991717, 0.054845305740113016, 0.0013480253810664727, 0.0, 0.18956794566391874, 0.0, 0.6211941835249846, 0.0, 0.0, '', 0.18923787081109666, 0.05619333112117949]\n",
      "211 ['Texas', 0.061651510744788696, 0.0983924668560903, 0.003693783744493083, 0.0, 0.08952936075851181, 0.0, 0.39487376854202044, 0.2787769521821533, 0.07308215717194233, '', 0.16373776134537207, 0.10208625060058338]\n",
      "212 ['Utah', 0.15917700321029205, 0.19088469887548074, 0.06301500923848656, 0.19730262441669486, 0.12032785059177298, 0.0, 0.06534775864270892, 0.03155349092969243, 0.17239156409487147, '', 0.6103793357409543, 0.2538997081139673]\n",
      "213 ['Vermont', 0.15156815454052616, 0.021305346250363944, 0.02136363707947669, 0.3197835742185866, 0.13572759762430964, 0.19617745862462632, 0.0, 0.061812694371283915, 0.09226153729082674, '', 0.5140207120889534, 0.042668983329840635]\n",
      "214 ['Virginia', 0.24281324784432, 0.14287896041180329, 0.038554845473297454, 0.13268038284395267, 0.14435727719140462, 0.0, 0.015712188382646857, 0.02925127877452165, 0.25375181907805344, '', 0.5569274365733734, 0.18143380588510075]\n",
      "215 ['Washington', 0.12827158522381674, 0.09588390813562116, 0.003113466504737684, 0.2144945550905386, 0.11567477457465014, 0.0, 0.037261544749618285, 0.0, 0.4053001657210174, '', 0.4417635149547142, 0.09899737464035883]\n",
      "216 ['West Virginia', 0.20622606797596077, 0.0037261521200328152, 0.1128139582160802, 0.12781882346291956, 0.11276094961478147, 0.0, 0.0, 0.24990845274479537, 0.18674559586542983, '', 0.45058500177499333, 0.11654011033611301]\n",
      "217 ['Wisconsin', 0.14159884675670165, 0.04498827887365067, 0.03488960949366904, 0.34962283147873424, 0.04801105889606479, 0.11994680791015365, 0.0, 0.009231422982571099, 0.25171114360845487, '', 0.5710995666027556, 0.07987788836731971]\n",
      "218 ['Wyoming', 0.3840834027454747, 0.12836970887868648, 0.04135716526076837, 0.06575649401175063, 0.1959416190600457, 0.0, 0.03974184904802911, 0.0, 0.14474976099524506, '', 0.6195667708966802, 0.16972687413945486]\n",
      "219 ['US Total', 0.21415799735056879, 0.10658817170276702, 0.02718939371605144, 0.16996577031312968, 0.09946696833884058, 0.09008213720129549, 0.0830609234446326, 0.07510394530037767, 0.1343846926323367, '', 0.517901333082517, '']\n",
      "220 ['', '', '', '', '', '', '', '', '', '', '', '', '']\n",
      "221 ['', '', '', '', '', '', '', '', '', '', '', '', 28.0]\n",
      "222 ['', '', '', '', '', '', '', '', '', '', '', '', 23.0]\n",
      "223 ['', '', '', '', '', '', '', '', '', '', '', '', 7.0]\n",
      "224 ['', '', '', '', '', '', '', '', '', '', '', '', 7.0]\n"
     ]
    }
   ],
   "source": [
    "for i in range(sheet.nrows):\n",
    "    print(i,sheet.row_values(i))"
   ]
  },
  {
   "cell_type": "code",
   "execution_count": 18,
   "metadata": {},
   "outputs": [],
   "source": [
    "data_test = {\"Alabama\" : {\n",
    "                 \"Basic Assistance\" : 111101010101,\n",
    "                 \"Work Activities\" : 10100200202,\n",
    "                 }\n",
    "            }\n",
    "             \n",
    "             "
   ]
  },
  {
   "cell_type": "code",
   "execution_count": 13,
   "metadata": {},
   "outputs": [
    {
     "data": {
      "text/html": [
       "<div>\n",
       "<style scoped>\n",
       "    .dataframe tbody tr th:only-of-type {\n",
       "        vertical-align: middle;\n",
       "    }\n",
       "\n",
       "    .dataframe tbody tr th {\n",
       "        vertical-align: top;\n",
       "    }\n",
       "\n",
       "    .dataframe thead th {\n",
       "        text-align: right;\n",
       "    }\n",
       "</style>\n",
       "<table border=\"1\" class=\"dataframe\">\n",
       "  <thead>\n",
       "    <tr style=\"text-align: right;\">\n",
       "      <th></th>\n",
       "      <th>Basic Assistance</th>\n",
       "      <th>Work Activities</th>\n",
       "    </tr>\n",
       "  </thead>\n",
       "  <tbody>\n",
       "    <tr>\n",
       "      <th>key4</th>\n",
       "      <td>111101010101</td>\n",
       "      <td>10100200202</td>\n",
       "    </tr>\n",
       "  </tbody>\n",
       "</table>\n",
       "</div>"
      ],
      "text/plain": [
       "      Basic Assistance  Work Activities\n",
       "key4      111101010101      10100200202"
      ]
     },
     "execution_count": 13,
     "metadata": {},
     "output_type": "execute_result"
    }
   ],
   "source": [
    "pd.DataFrame.from_dict(data_test, orient = \"index\")"
   ]
  },
  {
   "cell_type": "code",
   "execution_count": 23,
   "metadata": {},
   "outputs": [],
   "source": [
    "total_tanf = {}\n",
    "fed_tanf = {}\n",
    "state_tanf = {}\n",
    "\n",
    "\n",
    "for i in range(3, sheet.nrows):\n",
    "    \n",
    "    row = sheet.row_values(i)\n",
    "    \n",
    "    state = row[0]\n",
    "    \n",
    "    basic_assistance = row[1]\n",
    "    \n",
    "    work_activities = row[2]\n",
    "    \n",
    "    work_supports = row[3]\n",
    "    \n",
